Graph,r_value,Avg_MIS,Avg_Rounds,Largest_MIS
Enron,0,21951.32,23.34,21984
Enron,1,21993.11,30.99,22041
Enron,2,22013.28,36.05,22057
Enron,3,22023.07,38.77,22064
Enron,4,22026.0,41.79,22060
Enron,5,22034.61,44.37,22067
Enron,None,22038.86,56.51,22073
Powergrid,0,2671.3,10.76,2689
Powergrid,1,2697.02,15.21,2711
Powergrid,2,2711.61,17.28,2728
Powergrid,3,2716.93,19.07,2726
Powergrid,4,2721.73,21.46,2730
Powergrid,5,2724.17,22.14,2732
Powergrid,None,2727.09,29.86,2734
Citation,0,11863.59,22.0,11969
Citation,1,11901.52,30.85,11991
Citation,2,11930.23,37.51,12033
Citation,3,11936.64,43.97,12042
Citation,4,11937.5,49.7,12002
Citation,5,11938.76,54.36,12024
Citation,None,11940.96,71.84,12013
Facebook1,0,908.19,21.76,934
Facebook1,1,913.72,30.92,943
Facebook1,2,912.08,37.41,936
Facebook1,3,913.89,43.39,937
Facebook1,4,912.74,48.14,943
Facebook1,5,911.51,47.5,947
Facebook1,None,914.48,48.68,934
Facebook2,0,10236.97,20.46,10304
Facebook2,1,10292.58,28.69,10368
Facebook2,2,10320.25,34.47,10392
Facebook2,3,10337.58,39.71,10392
Facebook2,4,10339.68,44.03,10384
Facebook2,5,10343.3,47.47,10406
Facebook2,None,10353.6,69.37,10406
