0,1
2,1
3,1
4,1
5,6
7,8
9,10
11,12
13,12
14,15
14,16
17,14
18,17
19,17
20,17
21,17
22,17
23,18
24,25
26,25
11,27
28,11
29,11
30,11
31,28
32,28
33,28
34,28
35,36
37,36
38,35
39,35
40,38
41,42
43,42
44,45
46,47
48,49
50,49
51,52
53,52
24,54
55,54
56,54
57,54
58,59
60,59
61,62
39,33
63,33
64,65
66,65
67,68
69,68
70,71
72,71
73,74
75,73
76,73
77,75
78,75
79,75
80,75
81,77
82,77
83,77
84,77
85,77
76,86
87,86
88,89
51,89
90,89
91,89
92,89
61,88
93,88
24,94
95,94
84,96
84,97
84,98
99,98
100,84
20,101
102,101
103,101
104,105
56,23
21,23
13,41
106,41
107,108
109,108
110,108
111,48
112,113
34,113
9,114
115,114
109,116
117,116
118,116
119,116
120,116
61,121
122,121
123,51
90,51
124,123
125,124
126,19
127,19
125,67
128,129
128,130
128,131
78,132
133,134
78,128
135,128
136,128
133,78
137,78
138,78
139,78
140,133
141,142
143,142
144,145
146,145
147,145
148,144
111,144
61,149
150,151
141,151
152,151
153,151
154,150
155,150
156,157
112,157
158,156
99,158
40,158
159,158
160,161
122,161
61,160
91,30
162,30
46,163
50,163
164,165
104,165
152,141
9,166
167,166
168,9
110,9
169,9
170,9
120,9
171,148
46,148
24,172
64,172
72,172
24,173
174,24
55,24
175,174
100,174
176,177
178,177
179,61
26,61
180,61
21,61
179,181
182,181
64,102
183,102
66,184
185,186
187,186
37,186
72,69
188,69
99,189
137,189
190,189
191,103
169,115
192,140
193,140
194,140
178,107
195,107
196,107
197,146
147,146
175,197
198,197
199,200
21,199
201,192
202,192
193,192
203,192
178,109
119,109
204,205
64,204
66,64
187,206
207,206
106,206
92,206
22,26
175,208
175,209
175,210
193,175
211,175
212,175
56,55
50,213
122,214
188,215
216,215
216,180
217,53
218,219
143,219
220,219
56,221
66,221
222,221
223,221
21,221
224,221
66,56
79,66
191,66
80,79
164,222
87,222
225,222
195,176
106,185
226,185
187,217
120,117
93,223
155,223
120,118
125,187
227,187
85,187
228,187
70,125
85,125
229,125
207,125
230,227
231,85
226,58
95,232
233,232
234,95
155,95
43,60
154,235
220,235
154,236
237,236
238,236
100,154
230,72
169,239
240,239
241,239
40,240
242,240
99,243
99,244
245,99
246,99
237,153
247,237
248,237
21,126
231,195
196,170
249,250
245,120
249,120
249,40
193,21
193,242
251,183
252,183
253,183
147,254
255,254
256,257
247,257
91,258
143,259
162,260
256,162
238,218
220,261
248,261
225,262
263,216
264,265
266,265
267,265
268,269
270,269
271,269
272,268
273,268
274,268
275,276
277,276
278,275
279,275
280,275
281,275
282,275
283,284
285,284
286,287
288,287
289,290
289,291
292,291
293,291
294,291
295,291
296,289
297,298
297,299
300,299
301,299
302,299
303,299
304,299
264,305
306,305
307,305
308,305
309,305
310,264
306,264
311,264
312,264
274,310
313,310
314,315
278,315
316,315
317,314
318,314
319,320
319,292
321,292
304,292
322,292
323,292
318,324
325,324
326,324
327,328
329,328
330,328
331,328
332,328
333,327
334,327
335,327
336,333
337,333
338,339
340,339
341,342
335,342
343,344
334,345
330,345
346,347
348,346
349,346
350,351
350,352
350,353
354,353
350,355
356,350
357,350
349,350
358,359
277,359
360,361
283,361
293,362
286,362
295,362
300,363
364,363
365,363
366,363
303,363
301,300
302,300
303,300
304,300
335,341
278,364
365,364
366,364
303,364
278,367
317,278
368,278
301,278
282,278
325,317
272,317
369,317
277,329
370,371
372,370
373,370
374,375
357,374
349,374
293,376
377,378
368,365
366,365
303,365
281,368
377,379
343,379
380,379
318,293
286,293
381,293
272,318
349,318
366,382
303,366
383,384
272,384
301,385
325,301
303,301
272,325
386,343
380,343
387,388
389,388
390,388
326,321
322,321
336,326
337,326
303,302
391,360
392,360
272,391
393,391
274,272
266,394
395,394
372,266
396,307
311,307
309,307
338,396
397,338
357,398
399,392
400,273
401,273
296,316
402,296
380,403
404,403
270,405
387,405
285,405
406,335
407,286
274,372
408,372
409,408
410,380
348,410
381,283
285,283
406,411
406,412
330,413
331,330
406,277
271,387
285,387
414,387
415,387
416,271
393,285
417,402
288,418
323,304
349,288
309,308
295,294
295,419
420,421
422,421
423,421
424,421
425,421
426,421
427,420
428,420
429,420
430,431
432,430
423,430
433,430
434,430
435,430
436,437
438,439
440,439
441,442
443,441
444,441
445,441
446,441
447,443
448,443
449,443
450,443
451,427
452,427
429,427
453,427
454,444
455,444
456,451
457,451
458,451
435,451
459,452
460,452
461,452
462,452
463,452
464,452
465,452
447,466
467,447
468,447
469,447
450,447
470,447
471,472
448,471
473,471
455,471
474,471
475,476
438,475
477,475
478,475
473,445
468,479
480,468
481,482
483,482
484,485
486,485
487,485
488,485
426,485
489,485
490,485
449,484
491,492
436,492
493,492
494,492
495,492
496,497
496,456
478,456
496,463
428,463
465,463
470,498
499,498
500,498
436,446
449,501
502,501
493,501
428,449
503,428
429,428
504,428
505,503
487,506
488,506
433,422
507,422
508,436
495,436
509,473
510,473
511,473
450,509
469,512
513,469
514,469
470,515
511,515
481,515
508,516
454,508
517,454
489,502
490,502
518,519
520,518
521,518
490,494
522,477
435,477
523,522
425,424
507,424
488,425
520,478
474,455
513,524
521,523
495,489
511,525
526,527
528,527
529,530
46,530
531,532
533,531
534,531
535,536
537,536
538,536
533,535
526,535
539,533
540,526
541,526
542,543
544,543
545,543
546,543
534,547
548,547
542,534
539,534
171,534
549,542
544,542
550,542
538,542
545,549
540,551
552,553
554,553
555,556
557,556
558,556
559,556
560,556
561,556
562,556
563,556
564,556
565,556
566,556
539,537
550,537
46,539
171,546
255,171
567,568
569,567
570,567
571,567
572,573
572,574
575,572
576,572
577,572
578,579
580,579
581,582
583,582
584,582
581,585
583,585
586,585
584,587
586,587
588,589
590,589
591,589
592,593
594,595
596,595
597,595
598,595
599,595
580,595
600,601
602,603
604,605
604,606
604,607
608,607
604,602
609,604
203,610
611,610
612,610
104,610
600,610
570,203
194,203
613,575
614,575
615,575
616,613
617,614
618,619
615,619
620,619
621,616
617,616
622,617
623,615
578,615
576,615
577,615
624,615
571,615
570,623
598,597
599,597
625,626
627,626
628,626
629,625
630,625
580,598
631,581
632,581
633,581
634,581
635,581
636,631
636,632
599,633
588,634
592,634
584,634
588,635
592,635
586,635
637,583
638,583
639,583
627,583
578,640
641,640
569,578
580,578
642,578
624,578
580,599
641,642
641,637
641,638
643,576
639,630
643,630
644,639
592,645
643,644
646,577
647,577
648,577
624,649
570,636
600,636
650,570
651,652
653,652
654,652
655,652
656,657
658,657
659,657
660,661
662,660
663,660
664,665
666,665
667,668
669,668
670,671
672,671
673,656
674,656
675,656
676,656
670,674
677,674
678,674
679,674
680,674
681,670
682,683
684,682
685,682
686,682
687,682
688,682
689,690
691,692
693,692
662,692
694,692
695,696
689,696
697,696
698,662
699,662
700,662
701,662
702,689
703,689
704,689
705,689
706,689
707,689
651,689
708,709
710,708
711,708
651,708
712,708
713,710
714,710
663,715
716,717
663,716
718,716
651,716
719,716
720,663
721,675
659,675
722,675
681,721
723,681
724,681
725,681
726,727
728,726
669,726
684,729
730,684
672,723
731,732
733,731
734,731
685,735
736,685
730,685
737,685
700,738
713,700
697,739
740,697
741,742
743,741
728,741
730,741
744,741
745,741
743,746
669,743
724,747
748,724
749,750
751,750
752,750
753,750
728,754
733,728
755,728
756,728
669,728
757,659
713,758
759,760
748,759
761,759
762,676
763,676
748,764
765,766
669,765
733,767
733,677
680,677
768,677
756,733
669,733
736,769
686,736
744,736
713,770
713,651
740,651
771,713
772,713
719,773
712,719
664,774
714,775
694,714
730,678
680,678
768,678
745,730
763,776
679,749
752,749
777,679
778,679
725,779
666,779
667,780
669,780
687,781
755,687
755,680
782,680
783,680
784,680
768,680
756,755
761,755
666,755
737,755
756,785
761,786
744,787
788,744
712,789
790,694
768,694
772,694
548,694
791,790
768,790
792,740
793,794
753,794
666,722
666,795
796,666
752,763
797,798
751,798
799,751
771,800
720,771
801,752
802,803
667,802
745,804
667,805
669,667
806,667
720,807
808,720
669,809
768,669
810,768
811,753
788,812
796,813
734,796
734,814
772,815
816,817
818,817
819,817
820,816
821,816
822,816
823,816
824,825
826,827
828,827
829,827
830,827
824,826
831,826
832,826
833,826
834,826
835,824
836,824
823,824
837,824
838,839
821,820
840,820
841,820
842,820
843,818
842,818
844,821
822,821
845,821
846,843
847,844
848,849
850,849
851,849
822,852
822,853
854,853
855,822
856,822
857,855
858,855
859,855
860,855
832,828
829,828
861,828
862,832
829,863
861,829
838,829
864,829
833,819
862,819
823,819
865,848
866,848
867,868
851,867
869,870
871,872
871,873
869,874
875,874
876,874
871,869
877,869
878,869
859,871
860,871
879,865
880,865
878,845
881,845
882,833
862,861
864,830
883,830
879,838
850,838
884,838
864,838
885,838
851,838
851,886
887,886
856,850
888,850
878,875
856,854
851,854
864,889
890,891
882,891
851,856
892,893
894,892
895,892
896,892
834,894
897,883
834,883
898,883
885,899
900,888
837,888
901,888
902,836
903,851
904,851
905,834
903,906
907,898
908,907
895,909
908,895
910,895
911,857
912,858
913,823
914,880
915,914
866,915
916,915
910,908
917,918
919,918
920,917
921,917
611,922
923,922
924,922
925,922
926,611
927,920
928,920
600,920
929,930
612,931
932,931
933,931
934,931
935,931
936,931
937,931
938,931
939,931
940,931
941,931
942,931
943,931
944,931
927,945
946,945
947,945
948,945
949,945
950,945
928,951
952,951
953,951
954,926
955,926
956,926
600,926
957,958
954,958
959,957
960,959
961,962
963,961
964,965
947,965
966,965
967,965
968,919
969,919
925,923
937,923
970,968
971,968
972,968
973,968
974,968
975,968
976,968
977,968
978,970
979,970
980,978
981,978
982,978
983,978
984,978
932,985
986,985
987,985
988,985
946,989
990,989
946,991
954,992
969,992
993,992
976,992
994,992
932,946
995,946
964,946
966,946
996,946
950,946
997,932
971,932
600,997
998,999
1000,999
994,999
1001,924
971,995
996,995
1002,995
1003,995
1003,996
1004,996
936,935
1005,935
1001,955
1006,955
1007,956
1008,993
1001,949
1009,949
1010,949
1011,1012
1013,1012
1002,1012
1000,1012
975,1011
936,1011
952,1013
1006,1013
1007,1013
1008,1013
976,973
950,1002
1003,998
1014,998
974,1003
1006,1001
994,1015
1007,1015
953,952
975,1000
953,936
1009,936
1008,1005
1006,1010
1006,994
1007,994
1014,994
1016,977
1017,977
1016,1018
1016,1019
1017,1020
1017,1021
1022,1004
1023,1004
1022,1024
1022,1025
1023,1026
1023,1027
1007,1006
1028,1029
1030,1029
1031,1032
1033,1032
1034,1032
1034,1031
1035,1033
1036,1037
1038,1037
1039,1037
1040,1037
1041,1042
1043,1042
1044,1042
1045,1042
1046,1041
1047,1041
1048,1041
1049,1035
1050,1035
1028,1035
1051,1049
1052,1049
1053,1054
1055,1054
1056,1054
1057,1054
1058,1053
1059,1053
1057,1053
1060,1058
1061,1058
1062,1051
1063,1064
1065,1064
1066,1064
1067,1064
1068,1064
1069,1063
1070,1063
1071,1063
1069,1065
1072,1065
1073,1065
1074,1069
1075,1069
1076,1069
1077,1078
1079,1078
1080,1078
1081,1078
1082,1078
1083,1077
1084,1077
137,1077
138,1077
1085,1038
1040,1038
1083,1086
1087,1043
1088,1043
1040,1043
1052,1089
1090,1089
1091,1089
1060,1052
1092,1093
1094,1093
190,1044
1090,1070
1095,1096
1097,1096
137,1096
1098,1066
1099,1092
1085,1092
1100,1092
246,1099
1101,1102
1103,1102
1060,1101
1104,1101
1059,1034
1100,1034
1074,1072
1105,1072
1103,1074
1106,1074
1085,1107
1100,1085
1080,1108
1081,1108
1109,1108
1039,1079
1110,1079
1073,1111
1068,1111
1112,1113
1067,1113
1056,1075
1114,135
1047,135
1115,1114
1116,1117
1088,1117
190,1117
1118,1045
1040,1045
1039,1119
1120,1119
1121,1119
1122,1094
159,1094
246,159
1050,1123
1084,1095
1110,1095
1090,1112
1124,1112
1067,1112
1091,1090
1125,1050
1057,1059
1126,1105
1060,246
1104,246
1073,1124
1103,1076
1127,1126
1056,1127
1128,1055
1100,1129
1057,1129
1060,1056
1130,1056
1131,1056
1132,1056
1028,1056
1103,1056
1106,1056
1091,1056
1104,1060
1084,1039
1082,1039
1097,1120
1121,1120
1046,1088
1133,1046
1134,1135
1136,1135
1109,1134
1137,1134
1040,1134
1100,1138
1137,1136
1040,1136
1139,1136
1040,1080
1139,1080
1040,1081
1139,1081
1103,1098
1140,1103
1071,1103
1128,1103
137,1141
1142,137
1143,137
1144,137
1145,137
1146,137
1147,1109
1137,1109
138,1147
1148,1142
1149,1073
1091,1149
1150,1151
1121,1151
1082,1151
1139,1137
1048,1040
138,1040
1061,138
1152,1153
1154,1153
1155,1153
1156,1153
1157,1153
1158,1152
1158,1154
1159,1160
1161,1160
1162,1160
1163,1160
1164,1160
1165,1166
1167,1159
395,1159
1168,1169
1170,1169
1171,1169
1172,1173
1174,1173
1175,1173
1176,1172
1177,1178
1179,1178
1180,1178
1181,1178
1182,1178
1183,1178
1184,1178
1185,1177
1186,1177
1187,1188
1189,1188
1190,1188
1191,1192
1193,1192
1194,1192
1195,1192
1196,1192
1197,1192
1198,1192
1199,1191
1200,1191
1201,1202
1203,1202
1204,1202
1201,1205
1206,1205
1207,1205
1208,1209
1210,1211
1212,1211
1213,1211
1200,1211
1214,1211
1215,1216
1217,1216
1218,1219
1220,1219
1221,1219
1208,1222
1223,1222
1224,1222
1225,1222
1226,1227
1228,1227
1229,1227
1230,1231
1208,1231
1232,1233
1234,1233
1235,1233
1236,1233
1237,1233
1238,1233
1239,1232
1167,1232
1240,1232
1239,1234
1241,1234
1242,1234
1243,1234
1244,1234
1167,1239
1245,1239
1246,1247
1228,1247
1248,1247
1167,1241
1249,1241
1250,1241
1251,1241
1252,1241
1253,1241
1254,1241
1255,1167
1256,1167
1257,1167
1258,1167
1259,1167
1260,1167
1261,1255
1262,1263
1264,1263
1265,1263
1266,1263
1267,1262
1268,1262
1269,1264
1228,1264
1270,1264
1271,1264
1272,1264
1240,1273
1274,1273
1275,1273
1276,1240
1277,1240
1278,1230
1279,1230
1280,1230
1281,1230
1282,1230
1283,1230
1284,1230
1215,1278
1285,1286
1287,1286
1288,1286
1289,1286
1290,1286
1291,1286
1292,1285
1293,1285
1294,1295
1296,1295
1297,1295
1298,1295
1299,1295
1300,1294
1301,1294
1302,1303
1248,1303
1304,1303
1305,1303
1306,1303
1307,1303
1308,1309
1310,1309
1311,1309
1312,1309
1313,1309
1314,1308
1315,1308
1300,1308
1316,1308
1317,1308
1318,1308
1319,1308
1320,1308
1321,1308
1322,1314
1323,1314
1324,1314
1325,1249
1251,1249
1326,1327
1328,1327
1329,1327
1330,1331
1214,1330
1332,1333
1334,1333
1335,1336
1337,1338
1339,1338
1340,1341
1342,1341
1175,1341
1343,1335
1344,1335
1345,1335
1346,1335
1347,1348
1349,1348
1350,1348
1351,1348
1352,1348
1353,1348
395,1354
1355,1354
1165,395
1258,395
1356,395
1355,1357
1358,1357
1359,1360
1361,1359
1362,1359
1363,1364
1200,1364
1214,1364
1365,910
1366,910
1367,505
1368,1369
1370,1369
1371,1368
1257,1370
1245,1370
1372,1373
1296,1373
1374,1375
1221,1375
1363,1376
1377,1376
1378,1376
1379,1376
1380,1381
1382,1381
1383,1381
1384,1385
1319,1385
1386,1385
1387,1388
1389,1388
1390,1388
1391,1380
1392,1380
1322,1315
1393,1315
1394,1315
1395,1396
1397,1396
1398,1396
1399,1396
1400,1396
1401,1396
1402,1396
1403,1396
1404,1405
1406,1404
1407,1404
1408,1300
1409,1300
1410,1411
1412,1310
1413,1310
1414,1415
1414,1416
1256,1416
1417,1416
1418,1416
1419,1416
1420,1414
1421,1414
1422,1414
1423,1424
1425,1424
1362,1423
1426,1423
1427,1428
1429,1428
1430,1428
1431,1428
1288,1428
1432,1433
1434,1433
1435,1433
1436,1437
1438,1437
1180,1218
1439,1440
1441,1440
1442,1440
1443,1439
1444,1439
1445,1439
1446,1447
1448,1447
1449,1447
1203,1450
1451,1450
1452,1450
1453,1450
1207,1450
1256,1203
1432,1203
1454,1203
1387,1203
1204,1203
1358,1161
1455,1161
1445,1443
1456,1443
1361,1457
1458,1457
1459,1457
1460,1457
1461,1361
1462,1463
1464,1463
1465,1463
1466,1463
1256,1250
1467,1250
1468,1250
1469,1250
1420,1256
1470,1256
1471,1256
1472,1256
1260,1256
1473,1256
1212,1420
1474,1420
1432,1475
1476,1475
1477,1432
1478,1432
554,1432
1479,1432
1435,1432
1401,1432
1389,1432
1476,1477
1480,1481
1482,1483
1435,1483
1401,1483
1484,1483
1389,1483
1485,1483
1486,1487
1488,1487
554,1478
1489,1478
1259,1165
369,1267
1490,1267
1491,1267
1421,369
1492,1493
1494,1493
1495,1496
1497,1496
1489,552
1498,1486
1301,1499
1500,1501
1502,1501
1503,1501
1197,1372
1347,1504
1505,1347
1193,1495
1506,1495
1199,1193
1507,1193
1508,1193
1378,1199
1509,1279
1510,1511
1512,1511
1387,1510
1422,1510
1513,1510
1180,1179
1514,1515
1516,1515
1517,1518
1519,1518
1520,1518
1521,1517
1479,554
1522,1523
1524,1523
1525,1522
1526,1524
1261,1524
1527,1528
1529,1528
1530,1528
1417,1531
1532,1531
1533,1531
1534,1531
1535,1531
1536,1531
1537,1194
1538,1194
1479,1539
1489,1539
1540,1539
1541,1326
1542,1326
1543,1326
1544,1545
1453,1545
1546,1544
1441,896
480,1547
1516,480
1548,1206
1549,1550
1551,1550
1552,1550
1553,1550
1508,1554
1555,1554
1556,1554
1557,1554
1558,1554
1559,1242
1560,1444
1561,1410
1562,1243
1563,1208
1564,1208
1565,1208
1566,1208
1567,1208
1568,1208
1569,1208
1570,1208
1571,1208
1446,1563
1572,1296
1573,911
1573,912
1561,1574
1238,1574
1562,1574
1573,837
905,837
1261,1573
1575,1576
1507,1576
1505,1577
1350,1505
1578,1579
1580,1579
1581,1579
1582,1579
1583,1578
1215,1583
1320,1583
1575,1584
1585,1584
1586,1575
1587,1575
1588,1458
1589,1384
1590,1384
1591,1384
1592,1384
1323,1363
1377,1363
1593,1363
1594,1363
1323,1212
1213,1212
1324,1212
1595,1212
1451,1596
1512,1596
1597,1549
1598,483
1599,1317
1600,1601
1456,1601
1602,1559
1237,1559
1526,1603
514,1603
1276,1603
1514,1603
1604,1526
1605,1606
1607,1606
1608,1606
1446,1599
1609,1599
1610,901
1560,901
1257,901
905,901
1611,901
1261,1610
1445,1612
1613,1614
1565,1613
1570,1615
1323,1616
1200,1323
1214,1323
1185,1617
1618,1617
1619,1617
1620,1617
1621,1617
1622,1185
1623,1624
1625,1623
1626,1627
1628,1627
1629,1627
1630,1627
1631,1627
1632,1627
1399,1626
1552,1628
1633,1362
1292,1287
1634,1287
1635,1287
1636,1287
1431,1287
1637,1292
1638,1634
1462,1634
1431,1634
1639,1634
1479,1638
1351,1638
1640,1195
1641,1195
1642,1195
1200,1640
1426,1643
1644,1643
1645,1426
1406,1646
1647,1646
1452,1646
1648,1646
1649,1274
1181,1650
1651,1650
1652,1650
1600,1653
1600,1654
1655,1654
1257,1600
1656,1600
1657,1527
1658,1589
1659,1589
1660,1661
1604,1660
1213,1660
514,1662
1663,1662
1664,1662
1665,1662
1461,1666
1667,1666
1585,1666
1668,1666
1669,1666
1670,1666
1586,1461
1669,1461
1395,1181
1671,1181
1497,1667
1604,1672
1213,1673
1674,1213
1377,1633
1675,1633
1676,1633
1367,1377
1677,1377
1678,1479
1679,1479
1349,1479
1680,1479
1681,1479
1293,1479
1682,1479
1683,1678
1684,1246
1228,1246
1685,1246
1686,1246
1687,1246
1268,1684
1622,1200
1688,1200
1689,1196
1558,1196
1690,1689
1489,1679
1691,1679
1692,1318
1693,1318
1694,1695
1397,1694
1400,1694
1696,1697
1698,1697
1699,1700
1451,1700
1701,1700
1702,1700
1387,1454
1703,1319
1297,1319
1704,1319
1705,1319
1706,1319
1324,1703
1446,1707
1708,1707
1709,1707
1710,1446
1711,1446
499,1446
1332,1446
1712,1446
1713,1446
1674,1710
1214,1710
1378,1586
1587,1586
1625,1162
1398,1397
1215,1714
1546,1714
1715,1714
1281,1714
1716,1714
1717,1215
1718,1215
1719,1215
1472,1215
1720,1215
1204,1215
1721,1215
1429,1427
1722,1427
1723,1724
1725,1723
1726,1723
1727,1297
1421,1728
1729,1728
1730,1728
1683,1421
1731,1729
1276,1732
1525,1732
1733,1732
1734,1732
1735,1732
1398,1736
1480,1398
1737,1546
1268,1738
1350,1738
1739,1738
1514,1519
1664,1519
1529,1519
1665,1519
1525,1663
1254,1235
1462,1635
1636,1635
1466,1635
1740,1257
1277,1257
1741,1257
1668,1588
1434,1429
1431,1429
1288,1429
1722,1429
1742,1429
1639,1429
1293,1434
1492,1743
1744,1743
1745,1532
1746,1532
1747,1532
1399,1748
1749,1748
1750,1748
1751,1748
1752,1748
1753,1399
1158,1399
1552,1399
1484,1399
1754,1399
1186,1753
1328,1749
1755,1749
1622,1324
1756,1324
1280,1757
1758,1757
1759,1236
1760,1236
1244,1236
1717,1761
1762,1761
1763,1761
1346,1717
1186,1764
1329,1764
1476,1186
1765,1186
1766,1186
1767,1186
1622,1768
1704,1768
1391,1768
1391,1704
1769,1770
1298,1769
1771,1645
1692,1645
1277,1772
1760,1772
1773,1772
1366,1772
1774,1772
1720,1775
1204,1775
1776,1775
1771,1777
1778,1777
1593,1771
1367,1593
1779,1597
1779,1551
1491,1269
1265,1269
1272,1269
1780,1759
1238,1602
1781,1602
1718,1782
1548,1782
1783,1782
1471,1718
1664,1784
1778,1785
1786,1785
1721,1787
1719,1788
1760,1780
1245,1760
1168,1760
1789,1476
1683,1476
1474,1476
1692,1436
1298,1692
1608,1790
1791,1790
1792,1790
1793,1657
1176,1618
1183,1618
1794,1618
1699,1795
1451,1699
1796,1471
1387,1797
1387,1798
1701,1798
1799,1798
1407,1798
1800,1387
1801,1555
1176,1174
1802,1174
1803,1174
1343,1176
1344,1176
1651,1176
1804,1176
1805,1176
1298,1806
1594,1298
1807,499
1716,1548
1529,1733
1258,1808
1171,1808
1809,1810
1565,1810
1811,1810
1674,1809
1812,1408
1349,1462
1465,1462
1730,1349
1813,1814
1815,1814
1816,1472
1696,1783
1758,1783
1647,1783
1817,1783
1816,1696
1301,1537
1538,1537
1688,1301
1818,1301
1819,1301
1820,1301
1765,1158
1268,1228
1821,1228
1353,1268
1350,1731
1619,1391
1822,1391
1823,1391
1474,1422
1824,1343
1825,1344
1824,1802
1825,1802
1826,1802
1827,1400
1350,1302
1828,1302
1829,1302
1830,1302
1831,1302
1832,1302
1833,1302
1834,1302
1835,1302
1836,1350
1837,1350
1351,1730
1838,1351
1636,1839
1636,1840
1841,1636
1681,1489
1435,1482
1842,1482
1843,1482
1844,1482
1845,1793
1846,1328
1844,1328
1182,1619
1847,1619
1848,1619
1288,1430
1849,1430
1850,1406
1851,1406
1238,1852
1502,1238
1530,1238
1853,1854
1651,1853
1789,1435
1855,1435
1389,1484
1639,1431
1681,1431
1293,1431
1291,1431
1856,1412
1857,1412
1858,1412
1382,1859
1860,1859
1861,1859
1862,1859
1641,1863
1818,1863
1864,1863
1755,1329
1865,1251
1756,1345
1321,1345
1659,1345
1592,1345
1866,1720
1595,1204
1516,1204
1867,1204
1868,1204
1869,1204
1474,1595
1870,1734
1223,1871
1791,1223
1566,1872
1520,1872
1873,1872
1874,1516
1875,1516
1448,1874
1876,1874
1868,1721
1877,1758
1878,1758
1488,1459
1513,1879
1513,1880
1881,1880
1799,1701
1882,1641
1883,1641
1260,1562
1781,1562
1500,1562
1884,1647
1796,1698
1885,1509
1886,1509
1887,1509
1607,1509
1888,1509
1217,1885
1389,1288
1889,1288
1542,1288
1543,1288
1846,1288
1670,1585
1290,1542
1890,1155
1891,1155
1892,1340
1893,1894
1895,1894
1896,1897
1898,1897
1187,1899
1900,1899
1819,1893
1901,1893
1902,1893
1903,1893
1904,1893
1905,1893
1906,1907
1908,1907
1409,1909
1910,1909
1911,1912
1913,1912
1914,1198
1915,1198
1916,1198
1917,1198
1918,1198
1919,1198
1920,1198
1921,1198
1922,1923
1924,1923
1925,1926
1927,1926
1928,1220
1693,1922
1670,1668
1556,1929
1930,1929
1931,1929
1629,1932
1752,1932
1933,1860
1934,1184
1935,1184
1936,1605
1224,1937
1709,1937
1938,1939
1917,1939
1940,1299
1941,1299
1942,1940
1943,1940
1938,1896
1944,1896
1773,1365
1715,1580
1945,1946
1947,1946
1948,1332
1820,1712
1949,1334
1950,1949
1951,1952
1953,1952
1954,1952
1955,1352
1956,1352
1957,1352
1958,1352
1959,1352
1960,1352
1961,1962
1933,1962
1963,1630
1632,1630
1881,1964
1746,1964
1955,1965
1540,1965
1959,1965
1966,1965
1967,1968
1969,1968
1409,1970
1812,1970
1644,1971
1972,1971
1973,1974
1975,1974
1826,1976
1977,1826
1960,1955
1978,1979
1980,1979
1705,1979
1706,1979
1981,1978
1982,1978
1983,1984
1985,1984
1986,1984
1977,1342
1987,1988
1989,1988
1990,1988
1991,1383
1992,1383
1993,1383
1945,1994
1995,1996
1989,1996
1997,1998
1999,1998
1590,1386
2000,1386
2001,1386
1857,1892
2002,2003
2004,2003
1928,2003
2005,2002
2006,2007
1843,2007
1855,2007
2008,1189
2009,2010
1156,2010
1403,2011
2012,2011
1582,1936
2013,1402
2012,1403
1313,1856
2014,1409
2015,1409
2016,2014
2017,2014
1942,2014
1943,2014
2018,1163
2019,1631
2020,2004
1725,2021
1164,2021
2022,1252
2023,2024
2025,2024
2026,2024
2027,2028
2029,2028
2030,2031
2032,2031
2030,2033
1812,1902
2034,2035
1455,2035
2036,2037
2038,2037
1556,2039
2038,2039
1991,2040
2041,2040
2042,1890
2043,1890
1157,1890
1754,1473
2044,1567
1671,1987
2045,1485
1843,1485
2046,1485
2047,2048
1469,2048
2049,2050
2051,2050
2052,2053
2054,2053
2055,1914
2056,1914
1975,1914
2057,1914
2045,2006
2058,2006
2059,2060
2059,2061
2062,2063
1642,2063
2064,2008
2065,2066
1521,2066
2016,2067
1992,2067
2068,2067
2069,2016
2041,2016
2070,2020
2071,2072
2073,2072
2027,1312
2074,2075
1919,2075
1915,2076
2077,2076
1938,1915
2078,2079
2080,2079
1690,2081
1553,2082
2059,2082
1652,1995
2083,2084
1281,2085
2086,2085
2087,2088
1658,2088
2089,2090
1536,2090
2009,2091
1751,2091
2092,2093
1642,1938
2094,1938
2073,1938
2095,1553
2059,1553
2096,1553
2097,1556
1931,1556
1951,2098
2099,2098
1705,2098
1953,1951
2100,2015
2101,2102
2103,2102
1283,1886
2104,1887
2064,1425
1883,2105
1620,2106
2107,2106
1620,1991
2019,1963
2096,1963
2108,2029
1924,2029
2109,2110
2111,2110
1468,1533
1742,2083
2112,2113
1873,2113
2049,1903
2051,1572
2114,1572
2115,1572
1374,1861
2116,2117
1801,2117
2118,1925
2119,1282
1571,1282
2120,2097
2121,2122
2123,2122
2124,1967
1801,1967
2125,1304
1413,2126
2127,1745
2069,1961
1812,1961
1763,1581
2049,2109
2128,1590
2129,1590
2130,1591
2131,1591
2092,1568
1726,2022
1598,1438
1794,2132
2133,2132
1985,2132
2134,1904
2135,2087
2136,2087
2137,2087
2030,2138
2139,2120
2140,2141
2142,2141
2143,2141
2140,2055
2144,2055
2114,1905
1842,2145
2118,2145
2146,2145
2147,2145
1708,1449
2148,1449
1855,2045
1464,1305
2056,2077
2149,2077
2150,2130
2129,2130
1954,2150
2005,2151
2013,2151
2043,2151
1906,2135
1906,2052
2152,1857
2153,1857
1866,1737
2154,1609
1851,1744
1557,2036
2155,2156
2149,2157
2158,2157
2159,2062
2094,2160
2134,2160
1752,1750
2100,1620
2161,1620
2162,1620
2127,1467
2025,1911
2163,2108
2164,1906
2165,1813
2166,2139
2103,1642
2167,1642
2116,1930
1253,2047
1690,2078
2142,2168
2142,2169
2143,2142
2170,1538
2170,2049
2111,2049
1671,1652
2171,1655
1983,2136
2005,2172
2070,1671
1918,2074
2173,1675
2164,2023
1800,1680
2174,2175
1883,2175
2176,1691
1966,1691
1993,1992
1804,1713
2026,1990
1284,2032
1875,2065
2177,2065
2178,1803
2179,2112
1981,1727
2180,1727
1812,1895
1827,2181
2182,1337
1942,1981
2155,1918
2183,1739
2184,1739
2185,1739
2186,2119
1702,1799
2058,1927
1822,2068
1823,2068
2124,1969
1958,1956
1959,1956
1958,1957
2174,2101
1611,1741
1706,2099
2057,2071
2187,1371
2188,2189
1866,2189
2190,2100
2191,2192
2193,2192
2041,2192
1848,2191
1847,2193
1649,1870
1913,2054
1843,2058
1807,2148
2194,2148
2195,2196
1855,2196
2188,1776
2197,1776
1779,2198
2199,2198
1752,2059
2153,2152
2200,2159
1973,2159
1170,2165
2201,1762
2202,2086
1289,1841
2203,2166
1866,2188
1823,1980
1986,1980
2204,1884
2131,2205
2129,2205
2019,1632
2206,1632
1891,1751
2207,1812
2208,1339
1656,2187
1815,2187
2208,2187
2209,2187
2210,2199
2204,2211
1878,2204
1866,2212
2197,2212
2213,2128
1706,2128
2214,2128
2001,2128
2215,1944
1960,1958
2216,1838
2217,1838
2218,1838
2219,1838
2220,1838
2221,1838
1975,2200
2222,2121
2133,2121
1805,2162
2026,2162
2222,2162
2223,2224
1873,2224
2179,2224
1792,2225
1888,2225
1997,1175
2226,1442
2227,1982
2228,2229
1865,2229
2137,2131
1882,2203
2230,2203
1862,2107
2231,1947
2232,1947
2233,2201
1659,1913
1592,1913
2182,2171
2233,1866
2214,1983
1503,2018
1865,2234
2235,2017
2236,1254
1875,1873
2177,1875
2194,1875
2143,2237
1676,1190
2230,1883
2215,2158
2167,2158
2231,1975
1898,2057
2238,1747
2194,2177
2207,1941
2213,2239
1823,2239
1986,2239
1830,2240
2241,2240
2242,2216
2243,2244
1676,2244
2190,2245
2241,1306
1836,1418
1837,1419
1705,2000
2218,2246
2220,2246
2221,2246
2247,2183
2248,1270
2249,1270
2250,1828
2247,2250
1833,2250
2247,1829
1686,1821
1831,2184
2251,2252
2253,2252
2217,2252
2242,2251
2254,2251
2253,2242
2219,2253
1848,2213
2255,2256
1835,2256
2257,1271
1921,2258
2241,2254
1266,1265
2257,1265
2185,2247
2235,2259
2260,2259
2180,2259
2195,2261
1855,2261
1275,1774
2241,1832
2262,2190
1794,1908
2070,2123
1494,1845
1986,2214
1986,1822
2217,1307
2255,1834
2263,1847
2263,1985
2195,1849
2195,2264
2260,2227
2262,2227
1702,2125
2218,2217
2265,2260
1966,2176
2144,2266
2267,1272
2268,1272
2232,2269
2144,2269
2257,2270
1687,2271
1687,2272
2230,2273
2274,2206
2147,2274
2275,1480
2276,1621
2277,1682
1687,1686
2278,2279
2280,2279
2281,2278
1637,2281
2280,1869
2282,2283
2284,2283
2285,2286
457,902
2287,2288
2289,2288
2290,2291
2292,2291
2293,2282
2293,2284
457,2293
440,2293
2294,2295
2296,2295
2297,2298
2299,2298
2300,2301
2302,2301
2303,2304
2305,2304
2306,2307
2308,2307
2287,2309
2310,2309
2311,2309
2312,2309
2313,2314
2315,2316
453,2316
2317,2316
2318,2316
2319,2316
2320,2316
2321,2316
2322,2316
2323,2316
453,2315
2324,2315
2313,2315
2325,2315
2326,2315
2313,453
2327,453
2328,453
2325,2324
2329,2324
2330,2331
2332,2331
2333,2334
2335,2336
2337,2336
2338,2333
2339,2335
2340,464
2308,464
2297,464
2323,2317
2341,2342
2343,2342
2344,2342
2345,2338
2346,2327
2347,2327
2348,2327
609,2327
2349,2327
2350,2327
2328,2327
2351,2352
2351,2353
2354,2351
2355,2351
2294,2351
2356,2357
2358,2357
2359,2360
2361,2360
2362,2363
2364,2363
2365,2363
2366,2362
2367,2362
2368,2362
2359,2369
2370,2369
2310,2287
2371,2372
2373,2372
2374,2375
2376,2375
2377,2375
2378,2379
2380,2379
2366,2381
2382,2381
2383,2381
2384,2381
2385,2366
2386,2366
2387,2366
2300,2366
2290,2366
2388,2366
2389,2366
2390,2387
2391,2392
2393,2392
2394,2395
2396,2395
2397,2378
440,2398
2399,2398
2346,2400
2346,2401
2346,2402
2347,2346
2403,2346
2404,2339
2297,2339
440,2405
2406,2405
2404,2407
2408,2407
2409,2410
847,2410
2411,2412
2413,2412
2414,2412
2415,2412
2416,2412
2417,2411
2285,2411
2418,2411
2419,2409
2420,2421
2420,2422
2423,2422
2399,2422
2424,2425
2426,2425
2427,2425
2428,2429
2430,2429
2343,2431
847,2431
2432,2433
440,2391
2434,2391
465,440
2432,440
2435,440
890,440
2423,440
2436,440
2432,465
2406,2356
2437,2356
2438,2356
2419,2439
2302,2439
2440,2303
2441,2442
2285,2442
2394,2426
2355,2426
2443,2426
2371,2354
2444,2445
2446,2445
2310,2447
2285,2447
2323,2319
2347,2448
2347,2449
2450,2347
2350,2347
2451,2452
2399,2452
2399,2451
2423,2453
2454,2435
2444,2397
2455,2397
2454,890
2367,2341
2456,434
2376,2374
2457,2374
2328,2348
2376,2348
2306,2390
2403,609
2458,609
2325,2330
2337,2330
2340,2440
2300,2340
2396,2459
2310,2459
2325,2460
2361,2460
2325,2428
2461,2325
2462,2325
2463,2325
458,2325
2464,2359
2465,2359
2466,2467
2349,2396
2466,2396
2468,2396
2469,2396
2377,2396
2466,2349
2328,2349
2323,2456
2438,2437
2311,2310
2427,2310
2416,2415
2470,2370
2430,2370
2471,2434
2446,2434
2472,2434
2297,2473
2332,2473
2376,2474
2475,2474
2476,2477
2478,2477
2285,2441
2476,2479
2480,2479
139,2450
2306,2305
2329,2470
2465,2470
2403,960
2376,2468
2285,2481
2376,2481
2423,2454
2302,2368
2299,2368
2482,2368
2320,2483
2321,2483
2430,2464
2484,2345
2476,2484
2403,2476
2485,2476
2486,2485
2350,2355
2443,2355
2427,2355
2312,2311
2436,2472
2487,2472
2322,2320
2393,2487
2380,2487
2376,2469
2285,2416
2328,2285
2488,2285
2489,2285
2490,2285
2491,2285
2475,2285
2326,2488
2326,2489
2455,2380
2492,2302
2490,2289
2493,2494
458,2438
2493,2438
2323,2438
2493,458
2495,2294
2491,2312
2496,2312
2497,2312
2498,2344
2499,2344
2500,2344
2501,2344
2502,2344
2503,2344
847,846
2504,847
2418,2457
2505,2373
2506,2507
2508,2507
2509,2510
2511,2509
2512,2509
2513,555
2514,555
2515,2516
2517,2516
2518,2519
2520,2519
2521,2519
2522,2523
2524,2523
2525,2526
2527,2528
2529,2528
2530,2527
2531,2532
2533,2532
2534,2535
2536,2535
2537,2535
2538,2535
2539,2535
2540,2535
2541,2535
2542,2535
2543,2535
2544,2535
2545,2535
2546,2535
2547,2548
2549,2548
2550,2548
2520,2534
2551,2534
2552,2553
2552,2554
2555,2552
2556,2552
2557,2552
2558,2552
2559,2552
2560,2552
2561,2552
2562,2552
2563,2552
2564,2552
2565,2566
2567,2566
600,2566
2568,2569
2568,2570
2571,2568
2572,2568
2573,2568
2574,2575
2576,2575
2577,2575
2578,2575
2579,2575
2580,2581
2576,2581
2582,2581
2583,2584
2585,2584
2586,2584
2587,1498
2588,1498
2589,1498
2590,1498
2522,2591
2592,2591
2593,2555
2594,2555
2595,2596
2597,2596
2598,2596
2599,2596
2600,2596
2601,2602
2603,2602
2604,2602
2605,2606
2607,2605
2520,2605
2608,2605
2609,2610
2611,2610
2612,2610
2613,2610
2614,2615
2524,2615
2609,2615
2614,2587
2588,2587
2616,2587
2617,2587
2618,2587
2511,2614
2619,2614
2620,2614
2621,2614
2524,2614
2622,2614
2623,2614
2624,2511
2625,2511
2621,2511
2626,2511
2627,2628
2520,2627
2530,2627
2629,2630
2631,2629
2564,2629
2632,2633
558,2633
2634,2633
2635,2633
2636,2637
2598,2637
2638,2637
2639,2637
2640,2637
2598,2641
2598,2642
2643,2644
2603,2644
2645,2644
2557,2646
2560,2646
2647,2646
2536,2648
2649,2536
2650,2651
2538,2651
2652,2651
2653,2654
2655,2654
2656,2654
2657,2658
2653,2658
2655,2658
2659,2658
2660,2658
2585,2658
2661,2658
2662,2657
2512,2657
2624,2657
2625,2657
2663,2653
2664,2655
2665,2666
2667,2666
2668,2669
2670,2669
2671,2669
2672,2668
2625,2668
2585,2659
2673,2659
2674,2675
2676,2675
2677,2675
2678,2675
2679,2513
559,2513
2603,2513
2680,2513
2681,2513
2682,2513
2683,2513
2684,2632
558,2632
2681,2632
2524,2619
2685,2619
2518,2686
2597,2686
2687,2686
2688,2686
2689,2686
2571,2518
2690,2518
2520,2518
2691,2518
2692,2518
2693,2547
2694,2547
2517,2547
2695,2547
2696,2547
2697,2698
2650,2699
2700,2699
2701,2699
2538,2650
2573,2650
2702,2650
2703,2650
2704,2650
2705,2650
2603,2706
2707,2706
2696,2706
2708,2693
2709,2693
2710,2693
2711,2679
2696,2679
2525,2712
2713,2712
2714,2712
2715,2712
2716,2694
2515,2694
2714,2694
2717,2718
2719,2718
2720,2718
2721,2722
2723,2722
2724,2722
2725,2722
2726,2722
2727,2722
2583,2728
2700,2728
2656,2728
2662,2583
2660,2583
2703,2583
2729,2583
2730,2583
2731,2662
2580,2732
2733,2732
2734,2732
2735,2674
2736,2674
2737,2674
2738,2674
2739,2740
2741,2740
2742,2740
2743,2744
2512,2743
2745,2743
2746,2747
2748,2747
2572,2747
2573,2747
2749,2750
2751,2716
2696,2716
2752,2753
2525,2753
2525,2752
2665,2752
2754,2752
2755,2752
2756,2757
2758,2757
2512,2757
2624,2512
2626,2512
2759,2512
2760,2761
2525,2761
2762,2761
2585,2571
2763,2571
2764,2571
2765,2735
2766,2735
2524,2735
2767,2735
2768,2735
2769,2735
2770,2735
2731,2771
2520,2537
2772,2537
2524,2620
2773,2774
2603,2643
2775,2643
2776,2643
2777,2643
2778,2643
558,2684
2779,2684
2780,2684
2781,2684
2777,2684
2782,2556
2783,2556
2784,2556
2785,2556
2786,2721
2723,2721
2787,2721
2788,2721
2789,2721
2726,2721
2790,2721
2791,2786
2792,2786
2793,2786
1379,2794
2781,2794
2795,2760
557,2760
2525,2760
2796,2760
2797,2760
2798,2760
2762,2760
2799,2760
2800,2760
2801,2795
2802,2795
2797,2795
2798,2795
2696,2795
2803,2804
2805,2803
2545,2803
559,2806
2807,2806
2808,2806
2809,2717
2719,2717
2810,2717
2601,2717
2782,2717
2811,2717
2812,2717
2813,2717
2779,2809
2780,2809
2814,2815
2690,2816
2814,2816
2817,557
2796,557
563,557
564,557
565,557
2818,557
2819,557
2820,557
2799,557
2821,557
2822,557
562,558
2823,558
2824,2719
2825,2719
2826,2719
2811,2719
2827,2719
2782,2522
2828,2522
2829,2522
2830,2522
2831,2522
2832,2522
2833,2522
559,2834
559,2835
2836,559
2837,559
2683,559
2808,559
2601,2779
2838,2779
2839,2779
2601,2810
2603,2810
2840,2810
2841,2810
2842,2810
2843,2810
2844,2601
2845,2660
2846,2847
2848,2847
2849,2847
2825,2847
2850,2847
2851,2847
2852,2847
2853,2847
2783,2847
2854,2847
2855,2847
2856,2847
2857,2847
2858,2847
2859,2847
2860,2847
2861,2847
2862,2847
2863,2847
2864,2782
2557,2782
2865,2782
2851,2782
2852,2782
2853,2782
2866,2782
2867,2868
2869,2868
2870,2868
2624,1379
2573,2585
2871,2585
2872,2585
2580,2607
2873,2607
2874,2603
2875,2603
2876,2603
2565,122
44,122
104,122
50,122
2877,2878
2879,2878
2880,2878
2881,2878
2882,2801
2883,2801
2622,2884
2885,2884
2886,2884
2887,2884
2888,2889
2621,2888
2887,2888
2890,2891
2621,2892
2893,2892
2890,2892
2894,2895
2896,2897
2621,2898
2896,2898
2899,2898
2899,2900
2864,2901
2902,2901
2903,2901
2904,2901
2905,2901
2906,2901
2907,2901
2908,2901
2909,2864
2828,2864
2592,2864
2765,2864
2910,2864
2911,2864
2912,2864
2913,2864
2914,2864
2915,2864
2833,2864
2687,2597
2600,2597
2916,2597
2917,2597
2538,2918
2763,2918
2702,2918
2919,2918
2920,2918
2520,2531
2921,2531
2922,2723
2726,2723
2690,2923
2557,2924
2865,2924
2854,2924
2520,2925
2926,2925
2927,2925
2598,2925
2928,2925
2929,2925
2930,2925
2931,2925
2932,2925
2933,2925
2934,2925
2935,2925
2936,2925
2580,2520
2932,2520
2538,2937
2938,2939
2940,2530
2941,2621
2942,2621
2943,1677
2942,1677
2762,2525
2944,2525
2800,2525
2789,2557
2945,2557
2946,2557
2947,2557
2784,2592
2626,2948
2949,2775
2905,2765
2915,2765
2738,2765
2865,2950
2951,2950
2692,2950
2733,2580
2952,2580
2953,2580
2578,2580
2780,2943
2954,2943
2952,2943
2955,2780
2781,2780
2954,2780
2956,2780
2865,2955
2731,2955
2631,2955
2910,2955
2911,2955
2957,2955
2958,2955
2540,2865
2541,2865
2959,2865
2879,2865
2956,2865
2691,2865
2960,2733
2961,2962
2781,2731
2963,2731
2964,2731
2524,2766
2965,2766
2572,2966
2967,2572
2829,2524
2563,2524
2968,2524
2969,2524
2970,2524
2970,2954
2649,2539
2971,2539
2776,2877
2972,2877
2973,2867
2974,2867
2870,2867
2549,2739
2546,2739
2975,2739
2976,2540
2977,2541
2573,2978
2573,2979
2980,2981
2982,2981
2695,2805
2983,2805
2984,2805
2985,2986
2987,2558
2988,2558
2989,2685
2866,2559
2549,2990
2947,2791
2991,2961
2649,2961
2992,2763
2993,2700
2994,2700
2995,2993
2996,2993
2997,2993
2998,2656
2995,2656
2999,2656
3000,2656
2995,2701
3001,2701
3002,2998
3003,2998
3004,2998
3005,2998
3006,2998
3007,2998
3008,2998
3002,2995
3009,2995
3010,3002
3011,3002
2963,3012
2964,3012
3013,2959
2707,3014
2751,3014
3015,3016
2958,3016
3017,2631
3018,2514
2711,2514
3019,2514
3020,2514
3021,2514
3022,2521
3023,2521
3024,3025
2854,3025
2788,3025
2789,3025
3026,3025
3027,2882
2697,2802
3028,3029
3030,3029
2543,2542
3031,2542
3032,2542
2772,2542
3033,2542
3034,2542
3035,2542
2957,2542
3036,2542
3037,2542
3038,2542
2543,3039
561,3040
561,3041
3042,2893
2751,2550
2762,2550
3043,2550
3044,2550
3045,3046
3047,3046
3048,3046
2617,3046
3049,3046
3050,3046
3051,2551
2926,2551
2927,2926
3052,2926
2936,2926
3053,3054
2622,3055
3056,3057
3058,3057
560,3059
3060,560
2772,3031
3061,2576
3062,3061
3063,3061
3064,2593
3065,2593
2905,2593
3066,2593
3067,2593
3068,2593
2677,3069
2678,3070
3071,3072
3034,3071
3073,3071
3058,3071
2905,2902
2906,2902
3074,2902
3075,2902
3076,2902
2854,3024
3026,3024
3077,3024
3078,3024
3079,2604
3080,2604
3081,2604
3082,2604
2976,3083
2623,3084
3085,3084
3086,2608
3087,2608
3088,2608
3089,2608
3090,2608
3091,2608
3092,2544
2609,3093
3094,3093
3095,2546
3096,2623
3085,2623
3097,2623
2894,2941
3098,2941
2665,3099
3100,3099
2935,2927
2936,2927
3101,3102
3103,3102
3104,3102
3105,3102
3058,3056
3106,3107
2856,3107
2972,3107
3108,3107
2639,2636
2640,2636
2599,2598
2928,2598
2934,2598
3109,2598
3110,2598
2647,2846
3111,2929
2930,2929
2931,2929
2969,2929
3065,2647
3112,3113
3114,3113
3115,3113
2611,3113
3116,3113
3117,3113
2612,3113
2793,2792
3118,2792
3118,2793
3119,3120
3121,3120
3122,3120
2818,2817
3123,2817
2822,2817
3124,2817
3125,2515
3126,2517
3127,2910
3128,3129
3130,3131
3132,2676
3128,2676
2767,2676
3133,2676
3128,3132
3115,3132
3134,3132
3018,3135
2680,3135
2707,3018
2711,3018
2875,3018
3136,3018
3137,3018
3138,3018
3139,2680
3140,2681
3097,3096
3141,3142
3143,3144
3145,3146
3147,3148
3149,3150
3151,3152
3153,3154
3155,3156
3157,3158
3117,3114
2931,3111
3068,3064
2751,2707
3100,2707
3159,2707
2875,2707
3137,2707
2796,2682
2696,2682
2799,2796
3160,2711
3161,2713
3162,2714
3163,3164
3045,3164
3119,3164
3165,3166
3167,3168
3063,3168
3169,3062
2611,3115
3116,3115
3117,3115
3119,3045
2617,3045
2618,3045
2590,3119
3170,3119
3048,3119
3121,3119
3171,2736
2737,2736
3172,2736
2737,3171
3085,3173
3174,3085
3175,3085
2787,2824
2827,2824
2788,2787
3078,2787
3097,2588
3176,2911
3116,3047
3049,3047
3177,3047
3178,3047
3179,3180
3181,3180
3182,3180
3181,3179
3183,3179
2819,3179
3184,3179
3185,3179
3186,3179
3187,3179
3181,561
3188,561
3189,561
3183,3181
2819,3181
3184,3181
3190,3181
3185,3181
3186,3181
3187,3181
2855,2848
2857,2848
2863,2848
2980,3191
3192,2777
3133,2767
3193,2767
3194,2768
3169,3195
2825,2849
3100,2665
2667,2665
2983,2665
2754,2665
2856,3106
3196,2772
2971,2772
3197,2772
3198,2772
2590,2589
3174,2589
3199,2589
3097,2589
3159,2778
3200,2778
3201,2778
3202,2778
3203,2885
3034,3033
3204,3033
3035,3033
2957,3033
3205,3033
3038,3033
3019,3183
3206,3183
2818,3183
3207,2797
3208,2798
3206,3019
2818,3019
3209,3019
3021,3019
2696,2874
2814,3130
563,3210
564,3211
565,3212
3213,562
3035,3034
3036,3034
3037,3034
3205,3034
3116,2611
3117,2611
2613,2611
3178,3116
3214,3116
3159,3100
2875,3100
3215,3100
3136,2807
3216,2807
3217,3169
3167,3169
3218,3169
2854,2825
2859,2825
2856,2850
2830,3065
2831,3065
2832,3065
2905,3065
3219,3065
3220,3065
3221,3065
3136,2836
3222,2840
3222,2841
2844,3222
3053,3222
3223,3222
3224,3222
3225,3222
3226,3222
3227,3222
3228,3222
3225,2844
3226,2844
3227,2844
3229,2844
3228,2844
3230,2844
3231,3117
3232,2830
3233,2831
3234,2832
3235,2667
3236,2667
3237,2667
2818,3206
2957,3204
2971,3238
3239,3240
3241,3242
3243,2851
3244,2852
3245,2853
3246,2783
2784,2783
2785,2783
2875,3159
2983,3159
3247,3159
3202,3159
3086,3248
3249,3248
3250,3248
2873,2930
2931,2930
3251,2930
2933,2930
3252,2930
3253,2930
2873,3086
3249,3086
3250,3086
3090,3086
2876,2875
2983,2875
3137,2875
3247,2875
3254,3255
2880,3255
2881,3255
3256,2563
3257,2968
2594,2968
3058,3073
2886,3258
3259,3258
3260,3258
3261,3258
3262,2894
3263,3262
3264,2876
2971,3196
2789,2854
2859,2854
3265,2942
2827,3266
3224,3053
3227,3053
3228,3053
3267,3053
2991,3268
3269,3268
2789,2788
3270,2788
2785,2784
3270,2789
2945,2789
2946,2789
2790,2789
3271,3272
3273,2855
3274,3275
3223,3275
3276,3275
3277,3270
3278,2945
3279,2946
2770,3280
3216,3136
3281,3136
3137,3136
3138,3136
2821,3136
2906,2905
3282,2905
3283,2905
3220,2905
3284,2905
3276,3223
3227,3223
3285,3276
3286,3276
3287,2638
3288,2638
3289,2638
3290,2887
2977,2951
3291,3035
3205,3035
3038,3035
3292,566
2819,3293
3294,2818
3124,2818
3295,2952
2578,2953
3101,2953
2579,2578
3105,3101
3296,2957
3297,2957
3298,2957
3299,2957
3300,2957
3301,2956
2960,3302
3303,2915
3170,2590
2618,2590
3037,3036
3304,2965
2972,2856
3305,2969
3306,2970
3199,3174
3307,3174
3175,3174
3308,2972
3309,2972
3310,2976
3063,3167
3311,3199
3312,3199
3313,3060
2982,3060
3314,2983
3247,2983
3237,2984
2982,3315
3316,2564
3252,3317
3318,2975
3319,2975
3261,3259
3185,2819
3252,3251
3253,3251
3165,3048
3050,3048
3320,2617
3043,2762
3321,2762
2944,2762
3044,2762
3322,3323
2919,3322
3324,3043
3044,3043
3325,3043
3326,3121
3327,3121
3193,3133
2702,3328
2703,3329
3220,3219
3221,3219
2821,3281
3330,3028
3331,3332
2738,3332
3237,3235
2860,3333
3334,3333
2863,3333
3335,3336
3337,3338
3283,3282
3137,3339
3228,3224
2612,3340
3138,3137
2769,3341
3342,3341
3343,3341
2770,3344
3345,3344
3239,3344
3067,3066
3252,3346
2860,3347
3334,3347
3297,3296
3299,3296
3348,3349
2785,3349
3350,3349
3351,3352
3147,3352
3271,3352
3345,3351
3157,3351
3151,3330
3343,3330
3030,3330
3345,3353
3141,3353
3354,3353
3342,3355
3145,3355
3149,3355
3155,3342
3198,3197
3335,3143
3337,3153
3335,2677
3337,2678
3356,3357
2860,3357
2908,2907
3299,3297
3250,3249
3358,3250
3359,3250
3319,3318
3300,3298
3360,3237
2860,2812
2860,2813
3226,3225
2860,3356
3334,3356
3334,2860
2862,2860
2863,2860
2863,3334
3089,3088
3091,3088
3091,3089
3343,3241
3227,3361
2863,2861
3359,3358
3075,3074
3214,3178
2785,3348
3350,3348
2821,3362
3252,3363
3078,3077
3221,3220
3364,2821
2594,3365
2958,3366
2866,3367
2785,3368
3350,2785
2988,2958
3253,3252
2917,2916
3325,3324
2689,2688
2664,2663
2985,2673
2967,2749
3312,3311
2938,2773
2967,2773
2640,2639
2967,2938
3228,3229
3369,2908
3078,3370
3371,2963
3372,2964
3373,3374
3375,3374
3376,3374
3377,3378
3379,3378
3380,3378
3381,3378
3382,3377
3383,3377
3384,3385
3386,3385
3387,3385
3388,3385
3389,3385
3390,3384
3391,3384
3392,3384
3393,3394
3395,3394
3382,3393
3396,3393
3397,3393
3398,3393
3399,3393
3400,3401
3400,3402
3403,3402
3404,3402
3405,3406
3407,3406
3408,3406
3409,3410
3409,3411
3409,3412
3413,3414
3415,3416
3417,3416
3418,3416
3419,3416
3420,3416
3421,3416
3422,3416
3423,3424
3425,3424
3426,3424
3427,3424
3428,3424
3390,3429
3430,3429
3431,3429
3432,3429
3392,3390
3433,3390
3434,3390
3435,3390
3436,3390
3437,3390
3438,3439
3440,3439
3441,3438
3392,3438
3442,3438
3443,3438
3444,3438
3437,3438
3376,3438
3445,3438
3446,3438
3382,3447
3448,3447
3449,3382
3450,3451
3452,3451
3453,3451
3454,3451
3455,3456
3457,3456
3458,3456
3459,3456
3460,3456
3461,3456
3442,3455
3462,3455
3463,3455
3464,3455
3465,3455
3466,3455
3467,3468
3469,3468
3470,3471
3472,3471
3473,3471
3474,3471
3475,3471
3476,3477
3478,3477
3479,3477
3480,3477
3481,3477
3482,3441
3483,3441
3445,3441
3484,3441
3485,3486
3487,3486
3488,3486
3489,3486
3490,3485
3491,3485
3492,3493
3494,3493
3495,3386
3496,3391
3482,3497
3498,3497
3499,3497
3500,3482
3501,3482
3502,3396
3503,3396
3504,3396
3505,3396
3399,3396
3506,3396
2,3396
3,3396
3490,3507
3425,3507
3508,3507
3509,3507
3449,3490
3446,3490
3510,3490
3511,3490
3392,3512
3513,3512
3514,3512
3515,3392
3516,3379
3517,3379
3442,3518
3443,3442
3519,3442
3520,3521
3522,3521
3523,3521
3408,3521
3524,3521
3525,3526
3527,3528
3492,3529
3492,3530
3531,3530
3532,3530
3533,3492
3515,3492
3473,3534
3474,3534
5,3534
3535,3534
3536,3534
3537,3534
3538,3534
3539,3534
3504,3415
3537,3415
3538,3415
3540,3491
3403,3491
3541,3491
3476,3542
3543,3542
3544,3545
3520,3545
3546,3545
3547,3545
3548,3545
3549,3545
3550,3544
3551,3520
3552,3553
3554,3553
3555,3553
3556,3553
3557,3553
3500,3443
3558,3443
3559,3443
3552,3443
3554,3443
3560,3443
3561,3443
3562,3462
3563,3462
3502,3462
3564,3462
3422,3462
3565,3462
3566,3567
3568,3567
3569,3567
3570,3567
3450,3571
3572,3450
3573,3450
3574,3450
3575,3450
3535,3450
3576,3450
3577,3450
3578,3450
3433,3579
3580,3579
3581,3579
3514,3579
3582,3579
3444,3583
3584,3583
3585,3583
3586,3583
3587,3583
3503,3444
3585,3444
3562,3476
3588,3476
3589,3476
3590,3562
3591,3563
3592,3593
3594,3593
3595,3596
3597,3596
3578,3502
3598,3599
3600,3598
3601,3598
3532,3600
3602,3601
3603,3604
3605,3604
3606,3604
3607,3604
3608,3609
3610,3611
3610,3612
3610,3613
3572,3614
3615,3616
3617,3618
3619,3618
3620,3618
3621,3622
3499,3623
3624,3625
3626,3627
3621,3628
3629,3630
3608,3631
3425,3632
3633,3634
3635,3636
3543,3637
3454,3638
3454,3639
3453,3640
3641,3642
3643,3642
3644,3645
3646,3645
3647,3645
3546,3644
3648,3644
3649,3644
3650,3540
3651,3540
3652,3653
3654,3653
3655,3656
3657,3658
3657,3659
3373,3660
3373,3661
3373,3657
3662,3657
3475,3657
3663,3657
3664,3373
3665,3373
3666,3373
3409,3667
3668,3667
3669,3533
3670,3671
3672,3671
3409,3673
3539,3673
3674,3675
3676,3675
3610,3675
3610,3674
3641,3470
3666,3470
3421,3677
3678,3417
3559,3465
3679,3680
0,3680
3681,3566
3682,3566
3682,3683
3684,3682
3685,3682
3606,3686
3687,3686
3522,3688
3689,3522
3452,3610
3690,3610
3690,3572
3691,3387
3531,3692
3494,3692
3693,3694
3605,3694
3695,3573
3696,3697
3698,3697
3580,3699
3700,3701
3702,3701
3499,3703
3704,3629
3705,3629
3706,3629
3706,3400
3707,3708
3709,3708
3710,3711
3472,3712
3487,3713
3714,3713
3715,3487
3607,3440
3716,3652
3717,3652
3551,3652
3431,3718
3719,3720
3721,3719
3431,3719
3430,3721
3409,3413
3670,3413
3722,3413
3696,3413
3461,3413
3418,3409
3419,3409
3723,3409
3724,3409
3626,3409
3725,3409
3726,3409
3702,3409
3558,3483
3727,3467
3709,3728
3729,3615
3730,3615
3459,3731
3732,3458
3693,3437
3669,3437
3568,3693
3605,3693
3733,3568
3734,3568
3685,3568
3735,3733
3505,3375
3707,3736
3706,3736
3737,3738
3643,3737
3587,3737
3739,3740
3741,3742
3743,3742
3744,3742
3743,3745
3746,3745
3747,3745
3744,3748
3746,3748
3749,3748
3743,3472
3744,3472
3746,3472
3750,3472
3668,3472
3751,3505
3421,3505
3752,3722
3753,3754
3755,3754
3388,3756
3513,3388
3757,3758
3759,3760
3761,3762
3763,3757
3763,3761
3759,3761
3569,3761
3764,3761
3734,3763
3494,3763
3752,3765
3672,3765
3556,3765
3557,3765
3501,3751
3766,3664
3767,3664
3662,3768
3460,3769
3770,3771
3732,3771
3687,3602
3750,3772
4,3750
3695,3724
3773,3774
3775,3774
3776,3678
3777,3778
3779,3780
3775,3459
3395,3781
3782,3781
3783,3395
3427,3784
3466,3420
3785,3786
3787,3786
3788,3786
3624,3478
3779,3478
3789,3790
3791,3727
3792,3707
3793,3707
3564,3794
3777,3795
3428,3381
3643,0
3796,3648
3797,3798
3647,3798
3404,3791
3595,3799
3800,3624
3494,3569
3570,3494
3643,3641
3801,3802
3803,3389
3804,3389
3698,3574
3575,3805
3575,3770
3806,3495
3691,3495
3806,3807
3803,3496
3808,3496
3809,3496
3804,3496
3427,3508
3564,3506
3453,5
3810,3767
3586,3810
3811,3580
3710,3626
3812,3725
3586,3813
3587,3814
3815,3426
3448,3815
3523,3816
3801,3816
3764,3684
3801,3817
3797,3818
3819,3818
3820,3785
3821,3797
3543,3481
3822,3481
3547,3647
3823,3820
3812,3726
3824,3793
3509,3689
3755,3607
3783,3516
3407,3825
3514,3407
3581,3826
3514,3826
3827,3525
3828,3827
4,3829
3454,3536
3830,3831
3548,3830
3832,3833
3834,3527
3432,3835
3514,3432
3823,3824
3832,3824
3796,3739
3551,3796
3649,3655
3654,3547
3836,3547
3586,3837
3838,3788
3838,3488
3561,3776
3730,3643
3839,3735
3840,3735
3841,3581
3514,3581
3582,3841
3842,3843
3484,3560
3844,3633
3428,3844
3690,3635
3446,3753
3509,3845
3846,3777
3404,3846
3663,3847
3498,3847
3706,3848
3514,3828
3549,3842
3651,3650
3849,3850
3851,3850
3852,3853
3854,3853
3855,3853
3852,3856
3855,3856
3857,3858
3859,3858
3860,3858
3861,3862
3863,3862
3864,3862
3865,3861
3849,3863
3866,3867
3868,3866
3869,3866
3870,3866
3871,3872
3868,3872
3873,3872
3874,3875
3865,3874
3876,3874
3877,3852
3876,3852
3878,3852
3851,3852
3879,3852
3880,3881
3882,3881
3883,3881
3884,3881
3885,3881
3886,3882
3887,3882
3888,3882
3887,3854
3887,3889
3890,3889
198,548
3891,198
3892,3893
3894,3893
3895,3893
3896,3893
3897,3857
3898,3864
3899,3864
3900,3901
3902,3901
3868,3901
3903,3901
3904,3901
3905,3901
3898,3900
3898,3902
3890,3849
810,3906
3907,3906
3908,3906
3909,3906
3910,3906
3911,3906
810,3912
3913,3912
3914,810
3915,810
3886,810
3916,810
3916,3891
3865,3894
3914,3894
3917,3894
3918,3894
3919,3894
3920,3894
3921,3894
3914,3865
3898,3865
3922,3914
3915,3914
3923,3914
3885,3914
3922,3924
3925,3924
3926,3924
3927,3924
3928,3924
3883,3922
3929,3876
3879,3876
3929,3883
3930,3913
3868,3931
3932,3868
3905,3868
3933,3855
3934,3855
3897,3933
3935,3897
3898,3936
3937,3936
3938,3936
3939,3936
3940,3936
3941,3936
3942,3936
3943,3936
3944,3898
3930,3898
3945,3915
3946,3915
3947,3915
3948,3886
3949,3935
3859,3935
3950,3935
3860,3935
3951,3935
3888,3949
3885,3949
3950,3859
3899,3952
3953,3952
3954,3955
3887,3955
3956,3954
3957,3954
3958,3959
3960,3959
3925,3903
3904,3903
3869,3903
3961,3903
3962,3963
3964,3963
3965,3962
3953,3962
3966,3967
3968,3967
3969,3967
3887,3966
3965,3970
3971,3970
3972,3973
3964,3973
3974,3973
3975,3907
3976,3975
3977,3975
3978,3979
3928,3980
3981,3932
3982,3932
3911,3981
3983,3981
3984,3981
3895,3985
3919,3985
3986,3895
3899,3987
3971,3987
3948,3987
3988,3989
3990,3989
3951,3989
3991,3992
3993,3992
3929,3992
3994,3992
3995,3991
3929,3991
3974,3965
3996,3995
3997,3996
3998,3999
4000,3999
3909,3999
3899,3999
3921,3999
4001,3917
3948,3917
3929,3993
4002,3887
4003,3887
3956,3887
4004,3887
4005,3887
4006,4002
3968,4003
3956,3968
4007,4008
4009,4008
3896,4010
4011,3896
3929,4012
4013,4012
4014,4012
3908,4000
3899,3908
4015,4016
3990,4015
4017,4015
4018,3938
3983,3909
4011,4019
3920,4011
4020,4021
3986,4021
4022,4017
3957,4004
3953,3899
4001,3899
4023,4024
3934,4024
3934,4023
4005,4023
4007,4025
3929,4025
3916,4026
4027,3910
3942,3910
3929,4007
4028,4007
4029,4009
4030,4009
3929,4029
3986,4029
4031,3958
4032,3958
3940,3939
3942,3940
3934,4031
4033,3978
4034,3982
3942,3982
4035,4034
4036,3873
4037,4038
3934,4038
3934,4037
4022,4037
4018,3941
3977,3941
4039,4018
4039,3977
4020,3927
3888,4032
4027,3911
3934,3960
3994,3929
3997,3929
4013,3929
4014,3929
3969,4040
4006,4040
4041,4040
3948,3969
3994,4042
4033,3957
3986,4020
4014,3986
3923,3934
3885,3923
4033,3971
4035,4036
3948,4028
3905,3984
4035,3942
4041,3948
4043,4006
3870,3869
3890,4044
4045,4046
4047,4048
4049,4048
4050,4048
4051,4052
4053,4052
4054,4051
4054,4055
4056,4055
4057,4058
4059,4060
4061,4060
4062,4063
4064,4063
4065,4063
4066,4063
4067,4068
4069,4068
4070,4068
4071,4047
4072,4047
4073,4071
4074,4071
4075,4071
4076,4071
4077,4071
4078,4079
4080,4079
4081,4079
4074,4078
4082,4078
4076,4078
4083,4078
4084,4085
3110,4085
4086,4085
4084,4087
4088,4087
4089,4084
4090,4084
4080,4072
4073,4091
4092,4073
4093,4062
4094,4062
4095,4062
4066,4062
4067,4096
4067,4097
4098,4067
4098,4099
4100,4099
4101,4098
4102,4098
4103,4100
4104,4100
4105,4045
4064,4045
4106,4107
4108,4054
4074,4109
4074,4110
4074,4049
4056,4074
4111,4074
4112,4074
4059,4113
4114,4113
2480,608
4115,608
4061,4059
4093,4105
4116,4093
504,4093
4106,4116
4117,4118
4119,4118
4120,4121
4122,4121
4123,4120
4050,4103
4124,4103
4125,4103
4126,4127
4128,4108
4129,4064
4082,4130
4081,4130
4131,4053
4132,4061
4111,4061
4101,4061
4133,4132
4111,4092
4090,4092
4086,4123
4134,4089
4135,4104
4136,4117
4137,4136
4070,4136
4138,4139
4140,4139
4141,4139
4142,4139
4134,4143
4090,4143
4144,4083
4135,4050
4101,4145
4114,4145
4122,4146
4126,4146
4147,4146
4140,4138
4111,4148
4086,3109
4149,3289
4126,4149
4101,4135
4077,4101
4150,4101
4151,4101
4077,4133
4152,4133
4094,4133
4086,4126
4153,4086
4114,4134
4152,4134
4151,4134
4114,4140
4151,4114
4094,4057
4137,4057
4154,4094
4155,4094
4156,4094
4088,4157
4141,4088
4151,4090
4137,4119
4158,4131
4159,4160
4158,4160
4161,4159
4162,4159
4069,4163
4147,4153
4164,4165
4166,4165
4095,4164
4129,4164
4167,4164
4065,4166
4156,4129
4128,4115
4168,4161
4168,4162
4169,4102
4170,4169
4171,4169
4172,4169
4106,4173
4151,4142
4174,4175
4176,4177
4176,4178
4174,4176
4179,4176
2869,4176
4174,4180
4179,4174
4181,4174
4182,4183
2973,4183
4184,4183
4185,4183
4186,4187
4188,4187
4189,4186
4190,4186
4191,4179
4192,4179
4193,4179
4194,4195
4196,4194
4197,4194
4198,4194
4199,4200
4201,4200
4202,4203
4204,4203
4168,4205
4206,4207
4208,4209
4210,4209
4211,4209
4212,4209
4213,4209
4214,4215
4216,4215
4217,4215
4218,4215
4219,2869
2973,2869
4220,4221
4222,4221
4223,4221
4224,4221
4225,4220
4226,4220
2870,4220
4227,4199
4228,4199
4229,4199
4230,4231
4202,4231
4232,4231
4206,4168
4233,4206
4234,4206
4235,4206
4214,4206
4236,4233
4234,4237
4191,4219
4238,4219
4239,4219
4240,4219
212,541
528,541
4241,541
4242,541
4243,541
4244,212
4245,529
2567,4245
4246,4245
4247,4245
2973,4248
4189,4248
648,4248
4249,4250
4251,4250
4252,4250
4253,4249
4254,4249
4255,4249
194,4256
4257,4256
4201,4256
600,4256
650,194
963,194
4258,4191
4259,4191
4260,4191
4253,4261
4253,4262
4263,4264
4263,4265
4263,4266
4267,4266
4268,4263
4241,4263
4242,4263
2870,4263
4269,2565
4270,2565
4271,4272
4273,4271
4274,4275
4239,4275
648,4274
4276,4277
4238,4277
4278,4277
4211,4208
4238,4279
4280,4279
4281,4279
4282,4279
4254,4238
4181,4238
4283,4238
4227,4284
4285,4284
4258,4286
4258,4287
4258,4288
4289,4235
4289,620
4227,4214
4290,4214
4291,4214
4292,2567
528,4246
4293,4246
4260,4259
4202,4227
4294,4227
4295,4227
4296,4227
4257,4202
4297,4202
4254,4298
4299,4298
4239,4254
4255,4254
4300,4254
4239,4301
4302,4301
4303,4301
4304,4301
4305,4239
4306,4280
4307,4280
4308,4280
4309,4280
4181,4278
4310,4278
4311,4278
4312,4278
4225,4192
4193,4192
4313,4192
4181,4314
4315,4314
2973,4181
4300,4181
650,4257
4316,4257
4317,650
963,650
4318,650
2823,650
4319,4297
4320,4297
4321,4182
4190,4182
4198,4182
4322,4182
4323,4324
4325,4324
4273,4324
4290,4326
4291,4290
4300,2973
4305,2973
4184,2973
4318,4317
2870,4317
4327,4285
4328,4285
963,4329
963,4330
4331,4332
4189,4332
4273,4332
4333,4332
4334,4321
4335,4321
4336,4321
4337,4321
4338,4321
4339,4331
4340,4331
4341,4236
4342,4268
2870,4268
4190,4189
4273,4189
4343,4189
648,4189
4184,4189
4344,4190
4322,4197
4300,4345
4300,4346
4300,4347
4348,4300
4184,4305
4273,4349
4350,4349
4351,4349
4352,4349
3885,4353
3885,4354
4260,3885
4225,3885
4226,3885
4242,4241
4355,4260
4356,4343
4357,4343
4358,4343
4359,4343
4360,4343
4361,4291
4362,4291
4184,4363
4318,4225
4193,4225
4244,4318
4364,4294
4365,4294
4366,4294
4367,4294
4368,4294
4369,4334
4370,4334
4371,4334
4372,4334
4228,4295
4373,4322
4316,4296
2823,4184
4374,4184
4242,4375
4211,4242
2870,4242
4376,4283
4377,4283
4378,4283
4379,4283
4380,4283
4381,4283
4240,4382
4383,4213
4384,4213
2974,4385
4373,4386
4373,4387
4204,4388
4204,4389
4204,4390
4391,4204
4392,4344
4393,4344
4394,4391
4395,4391
4396,4391
4397,4188
4398,4188
4399,4374
4400,4374
4401,4228
4402,4403
4404,4403
4405,4403
4406,4403
4407,4403
4408,4409
4410,4409
4408,4411
4412,4411
4413,4414
4415,4408
4416,4417
4418,4417
4419,4417
4420,4417
4421,4417
4422,4417
4423,4417
4424,4417
4425,4417
4426,4417
4427,4417
4419,4428
4429,4428
4430,4428
4431,4428
4432,4428
4423,4428
4433,4428
4416,4434
4420,4416
4421,4416
4424,4416
4426,4416
4402,4418
4435,4418
4410,4418
4420,4418
4436,4418
4437,4418
4421,4418
4433,4418
4438,4439
4426,4439
4402,4440
4419,4441
4430,4419
4433,4419
4425,4419
4442,397
4443,397
4435,4402
4444,4402
4445,4402
4404,4402
4446,4402
4447,4402
4435,4448
4436,4448
4437,4448
4449,4448
4450,4451
4452,4451
4422,4451
4413,4451
4453,4451
4427,4451
4410,4435
4420,4435
4436,4435
4444,4435
4445,4435
4437,4435
4421,4435
4433,4435
4454,4435
4455,4435
4456,4435
4430,4410
4457,4410
4412,4410
4421,4410
4415,4410
4458,4410
4459,4410
4421,4420
4424,4420
4426,4420
4458,4460
4426,4461
4462,4463
4431,4462
4464,4462
4465,4450
4442,4450
4443,4450
4421,4450
4452,4450
4406,4450
4424,4450
4413,4450
4453,4450
4427,4450
4412,4466
4467,4466
4468,4466
4446,4469
4407,4469
4423,4429
4470,4429
4430,4471
4412,4430
4415,4430
4458,4430
4431,4472
4473,4472
4464,4472
4473,4431
4474,4431
4475,4431
4476,4431
4432,4431
4477,4431
4464,4431
4455,4457
4475,4436
4437,4436
4433,4436
4478,4436
4454,4436
4459,4436
4456,4436
4465,313
4479,4465
4480,4465
4474,4473
4475,4473
4437,4473
4432,4473
4445,4444
4475,4444
4437,4444
4449,4444
4481,4482
4445,4481
4442,4481
4443,4481
4406,4481
4446,4481
4404,4445
4446,4445
4447,4445
4442,4479
4406,4479
4442,4480
4406,4480
4475,4474
4476,4474
4483,4474
4464,4474
4437,4475
4423,4475
4433,4475
4433,4437
4467,4437
4478,4437
4468,4437
4443,4442
4452,4442
4406,4442
4421,4404
4452,4443
4406,4443
340,4484
4476,4485
4464,4476
4424,4421
4426,4421
4453,4421
4483,4486
4449,4486
4423,4432
4433,4432
4470,4432
4422,4452
4438,4452
4406,4452
4413,4452
4426,4452
4453,4452
4427,4452
4427,4422
4426,4438
340,4438
4423,4487
4423,4488
4433,4423
4467,4423
4413,4406
4407,4406
4433,4489
4467,4490
4467,4433
4426,4424
4426,4413
4453,4413
4427,4413
4407,4446
4491,4446
4427,4453
4492,4493
373,4492
4494,4492
4495,4492
4496,4497
4498,4497
4499,416
4500,4501
4502,4501
4503,390
373,4498
373,4504
4494,373
4505,4494
4495,4494
4505,1356
4506,1356
4505,4507
4506,4505
4506,4508
4495,4506
4502,4495
600,929
921,929
104,44
50,46
104,4509
600,104
921,4510
921,4511
4512,4513
4512,4514
4515,4516
600,4512
4517,4515
600,4515
600,967
182,600
4518,600
4519,600
4520,600
4521,600
50,4522
4523,4524
4525,4524
4523,4526
4527,4526
2364,4528
4529,4528
4530,4528
4531,4528
4532,4528
4533,4534
4535,4534
4536,4534
4537,4538
4539,4538
4540,4541
4542,4543
4544,4543
4545,4543
4546,4543
4547,4543
3591,4542
2389,4542
4548,4542
4549,4537
4550,3591
3834,3591
4551,3591
3590,3591
4552,4550
4553,4550
4554,3620
4523,3620
3519,4554
4555,4556
4523,4556
3519,4555
4557,4558
4539,4558
4559,4558
4560,4557
3515,4557
4561,4562
4563,4562
4564,4523
4565,4523
4566,4523
4567,4568
4569,4568
4570,4568
4571,4567
4572,4567
4573,4574
4575,4574
3594,4576
4577,4576
4578,4579
4580,4579
4581,2506
4582,2506
4583,2506
4584,2506
4585,4581
3565,4581
4586,4587
4588,4587
2492,4587
4589,4587
4590,4591
4592,4591
4525,4593
4594,4593
4595,4564
4596,4597
4598,4597
4599,4597
4600,4601
4578,4601
4602,4600
4560,4578
4603,4578
4604,4578
4605,4606
4607,4605
4546,4605
4608,4609
4610,4609
4611,4612
4613,4612
4614,4611
2492,4611
2383,2364
4615,4544
4616,4544
4617,4544
4618,3594
4531,4586
4619,4620
4592,4620
4621,4622
4623,4622
4527,4622
4624,4622
4625,4626
4627,4626
4628,4626
4629,4630
4584,4630
4631,4632
4633,4632
4634,4632
4635,4631
4636,4621
4637,4621
4638,4621
4639,4640
4641,4640
4642,4639
4643,4639
4644,4639
4645,4639
4646,4639
4647,4639
4648,4639
4633,4608
4644,4608
4649,4608
4650,4651
4652,4651
4653,4654
4594,4654
4655,4656
3517,4656
4657,4529
4658,4529
4659,4660
4650,4659
4535,4659
4595,4573
4661,4565
4615,4662
4663,4662
4664,4662
4590,4665
4666,4665
4667,4665
4596,4569
2383,4668
4669,4668
4670,4668
4671,4668
4672,4668
2365,2384
4673,4674
4655,4674
3383,4674
4675,4674
4641,4676
4677,4676
4678,4676
4679,4676
4680,4676
4681,4682
4683,4682
4684,4682
4571,4561
4685,4561
4666,4669
4686,4669
4687,4615
4688,4615
4551,4585
4653,4689
4690,4614
4598,4596
4691,4692
4693,4692
4694,4691
4580,4691
4695,4570
4583,4696
4697,4696
4698,2499
2389,2499
4699,2499
4700,4525
4701,4633
4702,4633
4653,4703
4643,4703
4580,4704
4705,4704
4607,4706
4619,4706
4690,4707
4708,4709
3589,4709
4710,4607
4711,4575
4708,4575
4712,4575
4713,2508
4714,4715
4530,4715
4716,4715
4717,4715
4718,4715
4530,4714
4719,4714
4673,4720
4681,4720
4721,4673
4712,4700
4722,4723
4666,4723
4724,3597
4634,3597
4725,3597
4726,3597
3834,4724
2388,4727
4552,2388
2389,2388
4728,4552
4729,4552
4730,4552
4731,4616
4725,4732
4635,4732
4672,4733
4628,4653
3565,4627
4594,4627
4708,4734
4735,4734
4736,4629
4610,4629
4610,4697
4737,4571
4738,4571
4739,4539
4740,4741
4742,4741
4743,4643
4663,4744
4731,4745
4695,4613
4652,4566
4663,4530
4746,4530
4731,4530
4545,4747
4748,4545
4572,4598
4749,4623
4750,4623
4751,4749
3519,4749
4752,4749
4655,4753
4754,4753
4617,4577
4619,4755
4652,4755
4756,4588
4757,4588
4758,4748
4722,4748
4759,4644
4760,4725
4761,4531
2501,4698
4762,4698
4551,3834
4763,4764
4765,4750
2292,2500
4618,4760
4756,2482
4766,4722
4767,4533
4746,4719
4768,4719
4769,4746
4751,4619
2389,4751
4770,4769
4687,4547
4602,4771
4772,2501
4773,2501
2503,2501
2389,4666
4742,4666
4667,4666
4652,4763
4730,3519
4661,4739
2492,4774
4690,4774
4563,2492
4551,4635
4618,4775
4655,4721
4776,4721
4767,4705
4777,4705
4602,4540
4535,4765
4778,4671
4688,4687
3590,3589
4713,3589
4667,4779
4677,4780
4781,4780
4756,4782
4655,4783
4677,4783
4752,4767
4636,4767
4784,4636
4737,4785
2504,4786
2504,4737
4787,2504
4645,4788
4789,4788
4645,4790
4791,4572
4792,4793
4794,4793
4795,4796
4797,4796
4798,4799
4699,4799
4800,4801
4798,4801
4802,4803
4804,4803
4762,4803
4794,4803
4805,4803
4802,4806
4804,4806
4795,4807
4808,4807
4809,4792
4810,4811
4802,4811
4812,4800
4810,4813
4814,4813
4815,4816
4802,4816
4817,4818
4819,4818
4812,4699
4820,4815
4772,4821
4814,4821
4822,4821
4742,4672
4809,4808
4810,4823
4824,4823
2502,4825
4826,4825
4827,4825
4820,4810
4828,4810
4829,4810
4830,4802
4830,4831
4814,4831
4832,4817
4833,4762
4797,4762
4834,4762
4832,4835
4836,4835
4772,4819
4837,4772
4838,4833
4837,4839
4838,4839
4814,4836
4824,2502
4827,2502
4814,4773
4824,2503
4840,4822
4841,4822
4726,4842
4843,4726
4649,4844
4845,4595
4846,4845
4847,4776
4848,4847
4777,4638
4827,4849
4761,4850
4851,4852
4853,4738
4757,4854
4791,4853
4855,4853
4851,4791
4856,4599
4778,4857
4858,4686
4731,4859
4675,4860
4861,4860
2296,4860
4675,4862
4863,4862
3511,3489
3715,3489
4864,3511
2458,4553
4865,4553
4866,4553
4867,4868
4869,4868
4870,4871
4872,4871
4873,4871
4874,4875
2458,4874
2495,4874
4861,4874
2296,4874
4876,4877
4878,4877
4879,4877
4880,4881
4879,4881
4865,4882
4883,4882
4884,4882
4548,4882
4885,4865
4886,4865
4887,4888
4887,4870
3608,4870
4889,4887
3550,4887
4890,4887
4891,3621
4892,3621
4893,3621
1115,4894
4895,4894
4896,4897
224,4897
2408,4898
2296,2408
2486,4899
4900,4899
2486,4901
4896,4902
4896,2486
4548,3383
4903,3789
3608,3789
4904,4903
4905,3469
4886,3469
4873,3524
4548,4675
4906,4548
4907,4548
4908,4548
4909,4910
4911,4910
136,4900
4889,4912
4878,4912
4913,4912
4914,4912
4915,4889
4861,4863
3832,4863
3515,3532
3550,3515
3832,4904
4905,3608
4876,3608
4916,3608
4917,3608
4918,3608
1148,4905
4890,4909
4919,4909
4920,3832
4886,4920
3541,4920
4866,4886
4866,3541
4890,3541
136,4915
136,4895
1146,136
4908,4921
4922,4867
4864,4869
4922,4869
4908,4864
1148,4923
4924,4923
4892,4923
4925,4923
4913,4880
4924,4926
4891,4926
4927,4891
4916,4928
4918,4928
4925,4929
4873,4930
4931,4911
4893,4914
4918,4931
881,4787
4932,881
4933,4932
4934,7
4935,7
887,4936
4937,4936
887,4938
4939,4938
4935,4937
4933,4940
916,4939
